0.002163218
0.641552201
-1.531796046
0.244640008
-0.350095753
0.131866148
1.635428181
-2.016648309
-1.092747884
-0.047202633
1.054526836
-0.641919399
-0.720550667
0.778462267
1.825139962
0.401082959
-0.455517744
-1.049356666
-0.591550162
-0.660368507
0.720569014
-0.243531897
-1.091142781
-0.268823572
0.246937959
0.215473975
1.184506704
0.326760501
-0.239860444
0.817073563
-1.090361443
-0.232774782
-2.477900946
-0.541893224
-0.286638641
0.019036010
1.041994210
-0.342424312
-1.568720475
0.079566128
1.099792138
-0.291658108
1.588669661
1.154079483
1.351740833
-1.022140957
0.232661462
-1.053108662
-0.099139644
1.499172333
0.113071132
1.525223802
0.069602699
0.111735342
-0.224447589
-1.186274745
0.180844735
-1.255189881
0.546499136
-0.812614675
-0.742471645
-0.463030574
-0.867055273
-0.726387319
0.184483028
-0.858509351
-0.981492136
0.416709947
0.913517271
0.354181966
1.378148293
0.456790650
-0.668213260
-2.272024185
-0.465028003
-0.613758820
-0.602267756
-0.084301796
-0.454715468
-0.118518835
0.448194345
1.199031492
-0.264526234
0.757428178
-1.745450537
0.795112719
0.611026490
1.248156377
1.258828383
1.155397013
-0.147359097
0.114384633
-0.286119702
-0.421677733
0.099280702
-1.760239307
0.430997085
0.559264942
-0.663614337
-0.054515178
-0.597372243
2.118266311
0.864039445
0.306938224
-2.732122060
-1.424467143
0.084385237
1.284548962
1.854872360
-0.775010994
0.811833612
1.437031306
1.474525912
1.611899035
2.534503444
1.067012170
0.879829583
-1.016494891
1.485951580
0.237877617
-0.010543363
-1.158033817
-1.160392122
-0.662853606
-0.063589461
-0.003942218
-0.091459426
0.145397612
0.175808364
-0.846488638
1.367836833
2.178448548
-0.191847849
-1.620329231
0.394992020
0.386977533
0.865295603
-1.754795374
-0.778423958
0.680182562
0.429012116
-0.602452648
0.526252696
-0.001834581
-1.311527340
-0.179265884
1.010763669
0.887643274
0.414984084
-1.099421313
0.866329213
-0.649947601
-1.143325923
1.254206163
0.049471985
0.020980220
0.860264711
-0.209325020
0.701951748
1.248399632
0.033996775
-0.583243603
-0.913170762
1.017230428
-0.534889833
-1.938654181
1.377088826
0.236307966
0.741191558
-0.801973032
1.263745486
1.338598874
-1.548253735
-1.545895322
0.139799204
1.913151456
0.481946938
-0.292952594
0.171306145
-0.657859999
-0.843263234
0.792121996
0.314772095
0.691820681
-0.169687211
0.896165413
0.280866268
-0.755798696
0.054121932
-0.368863858
-1.237910870
-0.282118586
-0.670594049
0.354619539
-0.090710724
-0.350662330
-0.830469777
0.689013612
-0.032594642
1.066822877
